0 37 56 91 21 32 43 54
37 0 35 75 12 23 34 45
56 35 0 51 43 65 21 59
91 75 51 0 23 75 12 45
21 12 43 23 0 72 27 43
32 23 65 75 72 0 21 32
43 34 21 12 27 21 0 31
54 45 59 45 43 32 31 0